C11   48.16   54.38   66.76   74.09   79.97  104.40  112.58  114.68
C22   44.60   51.84   64.94   71.30   76.48  101.01  108.76  112.45
C33   23.07   34.51   48.43   57.00   63.29   96.23  105.92  110.49
C44   10.63   11.90   14.43   17.41   19.05   27.36   32.17   35.48
C55    7.67   11.59   16.86   19.93   22.97   32.02   36.08   36.97
C66   13.85   16.83   18.96   22.11   24.97   31.68   37.35   38.12
C12   19.34   20.17   25.81   26.57   27.12   35.85   34.90   35.20
C13   13.23   16.93   20.41   22.36   23.44   34.53   37.02   35.89
C23   10.81   17.68   23.70   25.37   25.54   39.77   38.09   32.87
C14   -1.18    0.27   -0.57    0.26   -0.96   -0.76   -0.07   -0.53
C15    0.06   -0.23    0.58    0.34    0.16   -0.09    0.19    0.32
C16   -0.30    0.24   -0.05    0.41   -0.73   -0.12   -1.12    0.76
C24    0.53   -0.30   -0.64    0.40    0.11    0.30   -0.92    0.12
C25   -1.70    1.98   -0.03   -0.65   -0.95   -1.09   -1.03    1.06
C26    0.43   -0.21   -0.47    0.43   -0.06   -0.50    0.48    0.37
C34   -0.29    0.35    0.73   -0.16    0.29   -0.45    0.65    0.42
C35    0.36   -0.14   -0.28    0.12    0.28    0.52    0.38   -0.31
C36   -0.98   -1.87   -0.57   -0.03    0.59    0.05    0.97   -3.03
C45    0.73    1.80    1.62   -1.65    1.00    1.19    0.31    0.77
C46    0.85   -1.25   -0.56   -0.28    0.07    0.24   -0.11   -1.08
C56    0.70   -0.38    0.40   -0.75    0.16    1.07    0.60   -0.56
