Si                 7.859  7.023  6.182  6.513  7.718  6.698  6.571  6.152  5.898
Al_iv              0.141  0.977  1.818  1.487  0.282  1.302  1.429  1.848  2.102
Al_vi              0.032  0.064  0.553  0.464  0.113  0.259  0.015  0.683  1.047
Ti                 0.013  0.109  0.112  0.173  0.002  0.060  0.239  0.319  0.021
Cr                 0.000  0.002  0.001  0.000  0.035  0.000  0.000  0.002  0.211
Fe_3+              0.097  0.769  1.263  0.727  0.494  0.365  0.559  0.000  0.157
Fe_2+              0.287  1.601  0.150  2.004  0.244  1.526  3.298  0.815  0.592
Mn                 0.028  0.157  0.012  0.030  0.040  0.049  0.205  0.007  0.013
Mg                 4.543  2.298  2.910  1.601  4.072  2.741  0.684  3.105  2.958
Ca                 1.243  0.993  1.503  1.639  1.741  1.706  1.528  1.798  1.892
Na                 1.236  1.674  0.683  0.577  0.146  0.805  0.981  0.696  0.789
K                  0.264  0.265  0.088  0.095  0.009  0.341  0.339  0.370  0.071
F                  0.937  0.695  0.000  0.000  0.035  0.732  0.000  0.263  0.005
Cl                 0.002  0.015  0.000  0.008  0.000  0.030  0.000  0.005  0.000
OH_*               1.060  1.290  2.000  1.992  1.965  1.238  2.000  1.732  1.995
Total             17.743 17.932 17.275 17.310 16.895 17.852 17.848 17.795 17.752
(Ca+Na)_(B)        2.000  2.000  2.000  2.000  1.887  2.000  2.000  2.000  2.000
Na_(B)             0.757  1.007  0.497  0.361  0.146  0.294  0.472  0.202  0.108
(Na+K)_(A)         0.743  0.932  0.275  0.310  0.009  0.852  0.848  0.864  0.752
Mg/(Mg+Fe_2)       0.941  0.589  0.951  0.444  0.943  0.642  0.172  0.792  0.833
Fe_3/(Fe_3+Al_vi)  0.750  0.923  0.696  0.610  0.814  0.585  0.974  0.000  0.130