C11  119.2  0.8  122.7  0.9  133.6  0.9  122.8  0.9  108.6  0.7  131.1  0.9  122.7  0.9  141.6  0.9  148.7  1.0
C12   47.5  0.7   50.0  0.3   50.9  1.0   51.8  1.3   48.4  0.9   53.2  1.0   52.6  1.4   57.1  1.4   56.5  1.1
C13   41.2  0.7   44.3  0.8   43.1  0.7   45.9  0.7   37.7  0.6   47.2  0.8   47.5  0.8   49.6  0.8   48.8  0.7
C15   -1.7  0.3   -1.4  0.3   -0.8  0.3   -0.7  0.3    1.0  0.3   -1.0  0.3   -2.0  0.3   -0.2  0.3    0.3  0.4
C22  182.2  1.3  184.6  1.2  193.4  1.2  189.3  1.3  191.6  1.4  186.6  1.2  178.6  1.2  197.8  1.3  204.6  1.3
C23   58.2  0.8   59.5  0.9   58.3  0.9   62.3  0.9   59.2  0.9   60.3  0.9   60.8  0.9   60.9  1.0   61.9  1.1
C25   -5.6  0.9   -7.1  1.0  -10.8  1.1   -7.0  1.0   -5.6  1.1   -8.5  1.2   -9.5  0.9  -10.9  1.3   -6.9  1.3
C33  228.0  1.5  223.7  1.5  225.8  1.4  222.9  1.4  230.8  1.5  224.3  1.4  216.6  1.3  225.4  1.6  232.1  1.5
C35  -30.6  0.5  -29.4  0.5  -30.3  0.4  -30.0  0.4  -29.6  0.5  -30.3  0.5  -31.0  0.4  -31.4  0.5  -28.8  0.5
C44   75.6  0.6   70.5  0.5   75.5  0.6   71.5  0.5   77.0  0.6   72.5  0.6   67.5  0.5   75.8  0.6   76.7  0.6
C46    4.7  0.4    5.3  0.4    3.8  0.3    5.4  0.4    7.9  0.5    4.4  0.4    6.3  0.4    3.3  0.4    1.9  0.4
C55   45.9  0.3   42.5  0.3   47.5  0.3   46.8  0.3   50.0  0.3   46.5  0.3   39.7  0.3   49.9  0.3   54.1  0.3
C66   49.2  0.4   45.9  0.3   50.4  0.3   46.2  0.4   48.6  0.4   48.0  0.4   40.8  0.3   51.7  0.4   52.9  0.4