C11 228.05 214.57 224.44
C22 195.91 200.38 193.13
C33 201.65 211.04 210.52
C44  65.00  67.79  65.52
C55  71.06  71.24  73.03
C66  69.61  69.51  68.65
C12  66.26  67.34  67.27
C13  68.07  68.54  70.71
C14  -0.12  -0.09  -0.28
C15  -0.12   0.38  -0.33
C16  -0.94   0.40  -0.94
C23  68.25  68.01  68.69
C24  -0.08   0.50   0.29
C25   0.11   0.26   0.19
C26  -0.18   0.94  -0.88
C34  -0.37  -0.43   0.57
C35   0.02   0.49  -0.25
C36   0.36   0.02  -0.25
C45   0.07   0.56  -0.65
C46   0.12   0.20   0.00
C56  -0.41   0.01  -0.05